c = 1
a = 25
v1 = 0.0001
v2 = 0.0001
success rate 0.223000, avg return -5.360638